lg01	3128033	3162587	8	1.1949
lg03	6291728	6311605	4	0.7809
lg04	313508	358714	18	1.7051
lg06	8035878	8057343	14	1.0105
lg08	13638158	13667805	5	0.9292
lg11	5820679	5865394	4	0.7874
lg11	10160335	10198554	7	0.7544
lg13	4173082	4239168	12	0.7624
lg13	6642198	6659670	4	5.9914
lg14	10125824	10159357	6	1.2626
lg14	14849572	14859574	2	0.9754
lg15	3809392	3816558	3	0.8482
lg17	14397170	14417629	10	0.9926
lg17	14634120	14697068	8	0.9176
lg18	2468022	2479280	3	1.1033
lg18	13867861	13890080	8	0.7528
lg20	3772351	3810352	7	1.1382
lg21	2831108	2921420	12	1.427
lg21	3519527	3581737	11	0.8367
lg21	5955702	6019483	7	0.9237
lg21	8266396	8272676	2	1.3636
lg21	9817952	9828469	3	1.0854
lg21	10277302	10330909	11	0.9564
lg22	9875193	9881724	3	1.5389
lg23	16223205	16234771	4	6.2601
lg23	16708802	16736614	6	1.427
lg23	18466634	18494977	8	0.9888
scaffold_111	697143	712403	3	0.8104
scaffold_111	717339	724958	6	3.2658
scaffold_144	503752	528539	8	0.8558
scaffold_153	25516	505384	87	0.9697
scaffold_185	0	6559	2	0.8751
scaffold_187	0	19196	4	0.8681
scaffold_231	179522	211163	19	1.191
scaffold_257	28270	78913	12	1.225
scaffold_262	0	28182	7	0.8166
scaffold_269	0	22131	6	0.7938
scaffold_283	51657	58120	3	0.8041
scaffold_343	0	33509	8	0.7934
scaffold_352	0	33029	8	1.1094
scaffold_496	0	0	1	2.8221
scaffold_60	0	273419	42	0.9057
scaffold_89	374419	382470	5	2.4443
