lg01	3238469	3278779	7	-1.0229
lg02	8293902	8313520	4	-1.0511
lg02	15413393	15419952	3	-0.9517
lg04	1436869	1449609	4	-1.1183
lg05	5419995	5422658	2	-1.4149
lg06	5318470	5320194	2	-1.5159
lg07	7227473	7235763	3	-3.1843
lg09	2016550	2020094	2	-1.1575
lg09	2341025	2350492	4	-0.7623
lg09	14419117	14439625	5	-1.1252
lg11	1892776	1917872	4	-0.9108
lg11	3398573	3438819	13	-0.9296
lg12	4762439	4768753	3	-0.8716
lg15	5401375	5411504	3	-0.7489
lg15	11476309	11489382	4	-0.8305
lg17	1277171	1321158	6	-0.9806
lg20	3950894	3980195	5	-0.8502
lg21	3387181	3470308	17	-1.2845
lg21	4467579	4488720	4	-0.9648
lg21	10245515	10272893	2	-1.978
lg23	16236728	16264710	9	-0.9443
lg23	18338626	18432588	8	-2.5033
lg24	2721665	2727527	2	-2.3763
lg25	5244657	5253918	5	-0.8202
scaffold_105	0	13722	3	-1.1478
scaffold_111	736128	759425	7	-1.8576
scaffold_202	0	0	1	-0.8466
scaffold_231	0	71051	8	-1.9915
scaffold_259	147741	155654	3	-0.8651
scaffold_269	28581	48613	4	-0.8297
scaffold_269	87084	136553	6	-1.0276
scaffold_284	0	125610	12	-1.1238
scaffold_301	62147	113289	12	-4.7435
scaffold_343	34522	90687	9	-1.323
scaffold_375	0	0	1	-0.8939
scaffold_506	0	35480	5	-0.7764
scaffold_510	0	0	1	-1.0203
