lg02	5329849	5371150	7	-0.786
lg04	1570635	1591450	3	-0.9261
lg06	15803092	15808852	2	-1.5308
lg06	16969140	16977124	3	-0.9459
lg06	17022941	17030838	3	-1.2002
lg07	2898438	2952996	15	-1.1571
lg10	6101444	6112905	3	-0.9654
lg11	1154477	1158916	2	-0.9041
lg11	9084449	9113425	5	-1.0014
lg13	3693061	3730255	11	-0.7399
lg15	9401345	9407235	3	-1.1776
lg17	8194393	8206157	2	-1.1508
lg18	7250685	7269721	2	-1.5749
lg20	5558621	5604949	15	-0.7659
lg21	3656731	3692272	4	-0.8327
lg21	4375160	4428082	10	-0.7502
lg21	9410274	9556989	14	-1.142
scaffold_259	142234	287652	12	-0.9342
scaffold_273	0	0	1	-1.0747
scaffold_28	1654147	1660294	2	-1.2298
scaffold_332	0	58710	12	-1.9308
scaffold_392	0	136861	7	-0.8925
scaffold_403	123750	148079	4	-1.7861
scaffold_413	0	58592	8	-0.9167
scaffold_422	115364	129566	3	-2.0056
scaffold_430	0	0	1	-2.7406
scaffold_456	0	40253	10	-0.7467
scaffold_487	0	92752	8	-0.8958
scaffold_489	0	0	1	-1.194
scaffold_491	0	0	1	-1.0074
scaffold_610	0	0	1	-1.0523
scaffold_675	0	0	1	-0.8766
scaffold_699	0	0	1	-0.9124
scaffold_90	309112	372911	18	-2.7225
