lg01	3239800	3263793	17	2.2134
lg03	14934033	14966253	7	0.7855
lg04	2746304	2785293	12	1.2266
lg06	150324	185292	5	1.0355
lg06	5054736	5059325	5	1.1749
lg10	622744	628316	3	1.0824
lg11	3088767	3209964	12	1.8227
lg11	3257488	3278338	6	1.0117
lg12	8277549	8278550	2	1.6507
lg13	2037368	2102299	11	0.7809
lg15	3163372	3181868	5	1.4358
lg17	8139188	8177585	4	1.2667
lg17	11690953	11720542	11	0.9084
lg17	12182654	12198384	6	0.8617
lg18	2344082	2354597	4	0.8987
lg18	10006873	10009390	2	2.5481
lg18	14539569	14604479	12	0.8455
lg20	4293371	4483957	56	1.8437
lg21	3700433	3729427	7	1.5999
lg21	10038670	10045726	3	1.6603
lg23	2621464	2625524	3	1.2374
lg23	9795657	9805146	2	1.3303
lg25	6088504	6095515	2	2.1113
scaffold_142	567697	581834	4	0.9275
scaffold_182	0	92389	14	0.8361
scaffold_182	96936	148749	15	2.0283
scaffold_242	246228	258512	4	1.259
scaffold_252	0	294486	31	0.787
scaffold_256	0	33570	6	0.8255
scaffold_311	42607	98378	12	5.5538
scaffold_322	204422	216124	4	0.7909
scaffold_334	0	0	1	2.2811
scaffold_355	0	175474	29	0.8009
scaffold_365	57189	69321	4	1.0417
scaffold_589	0	61351	7	0.9181
scaffold_648	0	0	1	1.1606
scaffold_68	1103963	1180609	4	0.8326
