lg01	3241706	3263134	13	1.2531
lg04	2739291	2788551	17	1.6273
lg06	5054596	5059074	5	1.2198
lg06	15817518	15835726	5	0.9842
lg08	9905794	9911807	2	2.3285
lg09	7873991	7879325	3	0.9582
lg10	624996	628493	3	1.1469
lg12	8272736	8284608	7	0.8527
lg13	2036167	2102392	12	0.8027
lg13	2789854	2801389	2	5.5007
lg13	5030885	5047904	6	0.7712
lg14	3288874	3308204	5	0.9889
lg14	6919587	7068244	12	1.18
lg14	8118157	8220536	13	0.7401
lg17	6672308	6675380	2	0.9875
lg17	7895452	7919263	7	0.8454
lg17	8084179	8111828	11	1.2311
lg20	4438472	4449993	4	2.5639
lg21	3703752	3724109	5	1.632
lg21	4182711	4197444	5	0.9073
lg21	4381816	4401012	5	1.2056
lg21	9097474	9103751	2	1.2811
lg21	10036344	10045672	4	1.6741
lg21	10457408	10504659	10	0.7715
lg23	10631505	10655425	9	0.933
lg23	11096351	11102633	2	1.3851
lg25	664625	670167	2	1.3624
scaffold_107	532386	564693	5	1.0132
scaffold_120	566332	676356	17	0.7686
scaffold_133	100176	111779	5	2.2938
scaffold_150	322545	434007	23	0.7814
scaffold_160	89550	103824	5	2.6087
scaffold_189	204144	426505	31	0.7979
scaffold_20	5128780	5141860	3	0.8448
scaffold_242	252107	261484	3	0.9547
scaffold_279	229164	262778	8	0.7437
scaffold_283	175636	256682	10	0.7446
scaffold_410	0	66102	2	1.5877
scaffold_45	1269153	1314618	5	0.8968
scaffold_483	0	100472	14	1.1399
scaffold_539	0	80736	14	0.7844
scaffold_543	50741	76304	4	0.8426
scaffold_57	34765	107933	18	0.7421
scaffold_599	0	54437	12	0.9906
scaffold_629	0	54149	10	0.8483
scaffold_645	0	54406	12	0.9583
scaffold_675	0	16618	2	2.0414
scaffold_85	1039216	1084229	5	0.8944
scaffold_9	6032357	6063380	4	1.7898
scaffold_9	6081467	6170752	7	4.8757
scaffold_92	718654	768748	11	0.8537
