lg01	3338117	3372947	6	-1.1034
lg02	6070487	6096389	3	-1.1937
lg03	15215473	15226798	3	-0.8687
lg04	4877859	4914772	14	-1.1531
lg05	1599954	1611765	3	-1.3152
lg06	16964865	16977219	4	-1.2396
lg06	17023004	17030901	3	-1.687
lg07	2897664	2951235	15	-2.0645
lg07	7724001	7751436	6	-0.9364
lg09	2558945	2600848	6	-0.8101
lg09	18008010	18141061	17	-1.0338
lg11	2529869	2596539	18	-1.1276
lg15	1420828	1435823	4	-0.8488
lg17	12116672	12125105	2	-1.1742
lg20	4555931	4582346	5	-0.857
lg21	4213138	4307784	17	-1.2635
lg23	19876370	19890064	3	-0.7452
lg24	262763	272496	3	-0.9565
scaffold_145	393746	489019	10	-0.7424
scaffold_182	0	289958	33	-0.7585
scaffold_232	0	181388	20	-1.603
scaffold_248	132293	140282	3	-1.0039
scaffold_273	0	0	1	-5.1224
scaffold_311	0	224880	20	-0.9463
scaffold_323	61218	85045	5	-0.8626
scaffold_375	91986	161646	14	-0.8061
scaffold_403	117884	139567	4	-1.0039
scaffold_430	0	0	1	-1.052
scaffold_491	0	0	1	-1.346
scaffold_495	0	81437	10	-1.5449
scaffold_54	1500128	1510422	2	-2.678
scaffold_560	0	0	1	-2.9557
scaffold_592	0	0	1	-1.2511
scaffold_90	309150	373176	18	-2.9655
scaffold_90	723086	734308	3	-1.9992
