lg01	3253766	3261390	6	1.4527
lg01	10801887	10818362	5	0.7555
lg02	912334	955500	7	0.8008
lg04	2769511	2779308	5	0.9933
lg04	7641367	7644440	3	0.8006
lg06	15798756	15835686	8	0.9205
lg06	16393092	16446491	10	0.7845
lg07	1649534	1678174	6	0.9582
lg08	8806596	8816534	5	1.8547
lg10	622928	627756	3	2.3404
lg11	8583190	8588575	3	1.4945
lg11	16887381	16893635	3	1.0483
lg13	6506379	6515299	5	0.7556
lg14	9150545	9186378	6	1.0507
lg15	4162033	4206684	6	0.9422
lg17	7899761	7905968	2	2.3702
lg21	313347	319080	2	1.692
lg23	11086445	11091319	2	2.621
lg23	18572570	18576610	2	0.9352
lg25	652653	668405	2	1.5288
lg26	894083	916279	5	1.0494
scaffold_120	437729	447720	4	1.2133
scaffold_120	658744	676317	3	1.0576
scaffold_133	103745	111240	4	2.4039
scaffold_160	97837	102201	4	2.5506
scaffold_222	77175	140871	17	0.9853
scaffold_252	0	286390	27	2.2049
scaffold_28	1654007	1680880	6	0.9539
scaffold_318	183265	216538	4	1.534
scaffold_332	31785	59065	5	1.6675
scaffold_350	26649	57936	6	1.1267
scaffold_410	0	56559	2	0.9443
scaffold_430	0	0	1	1.738
scaffold_45	244014	311460	11	0.749
scaffold_472	0	93830	10	0.8191
scaffold_49	197632	224783	6	0.7801
scaffold_503	0	93207	14	0.995
scaffold_539	0	82262	15	0.8081
scaffold_675	0	16526	2	1.2717
scaffold_9	8284619	8289176	2	1.0968
