lg01	3360676	3371434	4	-1.3973
lg01	6199232	6240926	7	-1.0197
lg04	8772565	8794162	3	-0.768
lg05	481140	511172	5	-0.8198
lg06	16962816	16977019	4	-0.7973
lg06	17022440	17031034	3	-0.8605
lg09	2559108	2582698	3	-0.9433
lg09	17144946	17887917	124	-0.8276
lg09	17891047	18138507	40	-1.8259
lg11	2984596	3121489	16	-0.8024
lg13	3704260	3730641	10	-1.1009
lg13	4502625	4586454	22	-1.1458
lg13	9561456	9582534	2	-1.5084
lg17	8139956	8200912	10	-3.3863
lg20	4312741	4415615	30	-1.0427
lg20	4556502	4577420	4	-0.8802
lg21	2255251	2259596	3	-1.161
lg21	3631935	3729787	21	-0.7713
lg21	4198874	4327059	20	-1.019
lg23	10524047	10625457	8	-1.0097
scaffold_113	239322	243064	4	-1.0751
scaffold_127	686350	694623	3	-1.5851
scaffold_182	0	115656	19	-1.8554
scaffold_182	117620	150441	7	-3.3478
scaffold_182	155135	290100	22	-1.2143
scaffold_208	144210	200044	6	-0.8006
scaffold_232	0	349985	44	-1.223
scaffold_256	0	58494	7	-0.8654
scaffold_311	0	226265	30	-1.7562
scaffold_355	0	165529	29	-1.259
scaffold_413	0	46423	9	-2.7734
scaffold_491	0	0	1	-0.99
scaffold_495	0	81386	11	-1.6332
scaffold_54	1497378	1522343	6	-4.7653
scaffold_560	0	0	1	-0.775
scaffold_57	1333011	1334671	2	-1.6757
scaffold_570	0	0	1	-1.2605
scaffold_589	0	53497	8	-1.3918
scaffold_648	0	0	1	-0.7878
scaffold_661	0	48212	9	-1.4371
scaffold_9	3538659	3548693	3	-1.0681
scaffold_9	6075562	6575156	45	-1.0616
scaffold_90	475104	518684	7	-3.3568
scaffold_90	533585	551699	4	-1.2451
