lg11	15049773	15053190	2	-1.0624
lg13	2609229	2637220	4	-0.9671
lg13	4883544	4937274	14	-1.7408
lg13	4939885	5007990	22	-2.0442
lg13	5012977	5057759	14	-1.4839
lg13	5739999	5766284	11	-1.7026
lg17	14537562	14645983	20	-0.9848
lg17	14824863	14849125	7	-1.073
lg18	13254654	13275492	2	-3.1117
lg21	3597021	3613099	5	-1.036
lg21	8769653	9021949	29	-1.0053
lg22	14983264	14994738	2	-1.677
lg22	14997819	15062227	9	-2.5722
lg23	18399301	18456692	4	-0.9189
lg23	21422889	21430934	2	-1.6291
scaffold_100	0	49760	9	-1.5384
scaffold_111	694839	724678	9	-1.4723
scaffold_202	0	0	1	-0.9115
scaffold_223	154432	221765	9	-0.7569
scaffold_30	3011847	3035093	5	-0.8273
scaffold_302	0	112086	14	-0.8031
scaffold_390	0	38680	8	-1.912
scaffold_64	969742	998179	7	-1.0874
