lg01	3134888	3164536	15	1.1812
lg02	985683	992312	2	1.1929
lg02	3460801	3486795	3	1.081
lg02	10269890	10299481	3	0.895
lg02	16335315	16354482	2	0.9799
lg06	4766730	4815023	8	0.8085
lg06	5050051	5052584	2	1.0399
lg07	5984484	6017973	8	0.8629
lg07	7232568	7238002	3	1.6273
lg08	34244	56240	6	0.7815
lg09	13869025	13885747	5	0.9413
lg09	14442289	14453255	3	2.0702
lg09	15749623	15769324	5	2.0132
lg11	2789892	2856983	15	1.077
lg11	8406607	8416040	4	1.5067
lg11	17425368	17436117	4	0.9573
lg12	5976920	6019535	9	1.504
lg14	5944227	5962890	3	1.2859
lg15	10168471	10176305	3	1.2763
lg17	9548897	9564509	3	0.7785
lg17	10964985	11031755	4	1.1413
lg17	15728122	15735655	3	0.8943
lg18	11783237	11788845	2	1.058
lg18	12756413	12758606	3	0.8997
lg21	3462424	3470854	4	1.1823
lg21	6278496	6285948	3	0.9475
lg22	9853672	9866258	11	1.094
lg23	3036526	3048042	11	0.9383
lg23	4539425	4551684	5	0.7697
lg23	16223164	16233166	3	1.2191
lg23	18346228	18372932	2	1.1603
lg23	18526580	18579865	6	0.8996
scaffold_100	54004	70222	3	0.7469
scaffold_111	727383	759829	7	0.9976
scaffold_133	268191	291777	7	0.9956
scaffold_186	0	41994	7	1.0056
scaffold_188	0	247337	21	0.7533
scaffold_223	132196	142375	3	1.4034
scaffold_235	112329	156802	11	0.8277
scaffold_284	52782	112103	13	1.4445
scaffold_294	0	91371	5	0.9946
scaffold_61	230615	240823	5	0.8092
scaffold_65	306066	314075	4	1.1265
