lg02	962147	987875	6	0.9025
lg02	3021607	3033405	5	0.8064
lg04	339401	352898	7	0.9602
lg06	582002	625688	6	0.9144
lg06	4764379	4800291	7	0.8444
lg07	5215278	5221678	3	0.7837
lg08	44074	55048	5	1.6485
lg11	2469497	2532259	12	0.7858
lg11	8406705	8414707	3	1.4574
lg11	10161716	10180331	4	0.8035
lg11	17424421	17436209	5	0.8041
lg12	5979252	6022291	8	1.2136
lg14	3063653	3219352	28	0.883
lg14	5917934	5957041	6	1.0316
lg17	11012737	11034151	4	0.7856
lg17	14356074	14368137	3	2.24
lg17	14670674	14758944	9	1.6894
lg17	15728074	15730420	2	1.1632
lg20	3775950	3809172	6	4.8035
lg21	3527533	3592152	10	0.8031
lg23	16226901	16234576	3	1.7265
lg23	17846439	17859843	3	1.484
lg26	69421	96276	4	0.7684
scaffold_122	376418	379399	3	0.8259
scaffold_133	268032	293065	8	0.94
scaffold_211	0	126555	14	0.7425
scaffold_282	0	22040	6	0.7618
scaffold_283	50616	58032	3	1.2022
scaffold_440	0	36337	6	0.895
scaffold_496	0	0	1	1.2464
scaffold_60	0	273238	42	0.9576
scaffold_89	375982	382695	5	2.186
