lg01	3261750	3276457	4	-1.3321
lg02	8284306	8315140	5	-0.8228
lg05	4919458	4930719	3	-0.9473
lg06	5315709	5320044	3	-0.838
lg09	2018224	2020476	2	-1.135
lg09	14460207	14472779	4	-1.7845
lg09	14917013	15015270	13	-0.9732
lg09	15101561	16092221	182	-1.204
lg13	4886292	5057686	50	-1.3828
lg13	5730212	5793508	18	-0.9821
lg14	7154448	7180099	4	-0.9191
lg15	2211412	2226374	3	-1.6352
lg20	4047807	4072310	11	-1.0284
lg21	3396245	3456359	13	-1.2813
lg21	4015264	4025586	4	-0.9516
lg21	8682182	8688102	2	-1.1515
lg22	14992370	14998400	3	-1.0588
lg22	15006518	15062550	9	-1.1144
lg23	18341091	18425652	3	-0.7812
lg23	18499713	18518075	4	-0.7949
scaffold_223	154462	221946	9	-0.7909
scaffold_231	0	62158	7	-1.977
scaffold_269	69789	144450	12	-0.9535
scaffold_284	0	129359	19	-2.277
scaffold_301	65615	106310	5	-1.3977
scaffold_303	0	44232	4	-1.3964
scaffold_31	1926167	1944018	4	-0.9367
scaffold_375	0	0	1	-0.7593
scaffold_48	1239086	1252809	5	-1.3544
scaffold_64	969812	992060	5	-3.9144
