Sample	FastQC_mqc-generalstats-fastqc-percent_duplicates	FastQC_mqc-generalstats-fastqc-percent_gc	FastQC_mqc-generalstats-fastqc-avg_sequence_length	FastQC_mqc-generalstats-fastqc-percent_fails	FastQC_mqc-generalstats-fastqc-total_sequences
RX01_1_F_A07_CAGATCTG_R1	89.00061484275558	48.0	135.0	9.090909090909092	6195010.0
RX01_1_F_A07_CAGATCTG_R2	16.362270671681955	47.0	150.0	9.090909090909092	6195010.0
RX02_1_F_B07_ACAGCAGA_R1	90.21852791214484	48.0	135.0	9.090909090909092	7287419.0
RX02_1_F_B07_ACAGCAGA_R2	16.99616937386631	47.0	150.0	9.090909090909092	7287419.0
RX03_1_F_C07_CAAGACTA_R1	90.06516191594687	48.0	135.0	9.090909090909092	6984339.0
RX03_1_F_C07_CAAGACTA_R2	17.13787655382444	47.0	150.0	9.090909090909092	6984339.0
RX04_1_F_D07_CTCAATGA_R1	87.17296576626903	47.0	135.0	9.090909090909092	5104275.0
RX04_1_F_D07_CTCAATGA_R2	16.20280993335909	47.0	150.0	9.090909090909092	5104275.0
RX05_1_F_E07_GGTGCGAA_R1	86.63701402113756	48.0	135.0	9.090909090909092	4516724.0
RX05_1_F_E07_GGTGCGAA_R2	15.570602763496964	47.0	150.0	9.090909090909092	4516724.0
RX06_2_M_A10_AGTACAAG_R1	89.84977616827862	48.0	135.0	9.090909090909092	6553791.0
RX06_2_M_A10_AGTACAAG_R2	16.65367841098056	47.0	150.0	9.090909090909092	6553791.0
RX07_2_M_B10_ACGTATCA_R1	88.62455559130325	47.0	135.0	9.090909090909092	6048163.0
RX07_2_M_B10_ACGTATCA_R2	16.109777595508575	47.0	150.0	9.090909090909092	6048163.0
RX08_2_M_C10_CAGCGTTA_R1	84.99482761666239	47.0	135.0	9.090909090909092	4110328.0
RX08_2_M_C10_CAGCGTTA_R2	15.720415271090658	46.0	150.0	9.090909090909092	4110328.0
RX20_2_M_D10_GAATCTGA_R1	87.90956561712974	48.0	135.0	9.090909090909092	5311380.0
RX20_2_M_D10_GAATCTGA_R2	16.587745795298417	47.0	150.0	9.090909090909092	5311380.0
RX22_1_F_F07_TGGTGGTA_R1	90.66181496475217	48.0	135.0	9.090909090909092	6993277.0
RX22_1_F_F07_TGGTGGTA_R2	17.74469560882723	47.0	150.0	9.090909090909092	6993277.0
RX23_1_F_G07_AGGCTAAC_R1	90.71221814819363	48.0	135.0	18.181818181818183	6732253.0
RX23_1_F_G07_AGGCTAAC_R2	21.268590181168193	47.0	150.0	9.090909090909092	6732253.0
RX25_1_F_H07_CTAAGGTC_R1	89.60880149221023	48.0	135.0	9.090909090909092	6013411.0
RX25_1_F_H07_CTAAGGTC_R2	18.097689978042865	47.0	150.0	9.090909090909092	6013411.0
RX26_1_F_A08_ATGCCTAA_R1	87.7297383615605	48.0	135.0	9.090909090909092	5192887.0
RX26_1_F_A08_ATGCCTAA_R2	15.761415267595567	47.0	150.0	9.090909090909092	5192887.0
RX27_1_F_B08_ACCTCCAA_R1	89.75311624543485	48.0	135.0	9.090909090909092	6488551.0
RX27_1_F_B08_ACCTCCAA_R2	16.01249968432697	47.0	150.0	9.090909090909092	6488551.0
RX28_1_F_C08_CAATGGAA_R1	90.20138965620595	48.0	135.0	9.090909090909092	6724507.0
RX28_1_F_C08_CAATGGAA_R2	16.516906815036947	47.0	150.0	9.090909090909092	6724507.0
RX29_1_F_D08_CTGAGCCA_R1	91.78314481868945	48.0	135.0	9.090909090909092	9165994.0
RX29_1_F_D08_CTGAGCCA_R2	18.43717745868622	47.0	150.0	9.090909090909092	9165994.0
RX31_1_F_E08_GTACGCAA_R1	87.03553503643025	48.0	135.0	9.090909090909092	4743554.0
RX31_1_F_E08_GTACGCAA_R2	14.959817853502983	47.0	150.0	9.090909090909092	4743554.0
RX32_2_M_E10_GTCTGTCA_R1	90.37723869806338	48.0	135.0	9.090909090909092	6846873.0
RX32_2_M_E10_GTCTGTCA_R2	16.803684546726515	47.0	150.0	9.090909090909092	6846873.0
RX33_2_M_F10_AAGAGATC_R1	88.19455901858889	47.0	135.0	18.181818181818183	5172271.0
RX33_2_M_F10_AAGAGATC_R2	20.084842285155688	47.0	150.0	9.090909090909092	5172271.0
RX34_2_M_G10_ATTGGCTC_R1	90.60411510067486	48.0	135.0	18.181818181818183	6712173.0
RX34_2_M_G10_ATTGGCTC_R2	19.926691326739686	47.0	150.0	9.090909090909092	6712173.0
RX35_2_M_H10_GAGTTAGC_R1	90.45628198262439	48.0	135.0	18.181818181818183	6869615.0
RX35_2_M_H10_GAGTTAGC_R2	20.030003349117152	47.0	150.0	9.090909090909092	6869615.0
RX36_2_M_A11_CATCAAGT_R1	85.84353217675255	47.0	135.0	9.090909090909092	4362203.0
RX36_2_M_A11_CATCAAGT_R2	15.822135583154235	47.0	150.0	9.090909090909092	4362203.0
RX37_2_M_B11_ACTATGCA_R1	90.71384681069992	48.0	135.0	9.090909090909092	7522928.0
RX37_2_M_B11_ACTATGCA_R2	17.12111074346396	47.0	150.0	9.090909090909092	7522928.0
RX38_2_M_C11_CATACCAA_R1	86.82000472855825	47.0	135.0	9.090909090909092	4844502.0
RX38_2_M_C11_CATACCAA_R2	15.516871872455908	47.0	150.0	9.090909090909092	4844502.0
RX39_2_M_D11_GACTAGTA_R1	89.54665827421213	48.0	135.0	9.090909090909092	6062996.0
RX39_2_M_D11_GACTAGTA_R2	16.046148469299922	47.0	150.0	9.090909090909092	6062996.0
RX40_2_M_E11_GTGTTCTA_R1	86.394286280118	47.0	135.0	9.090909090909092	4539296.0
RX40_2_M_E11_GTGTTCTA_R2	15.4276101956427	47.0	150.0	9.090909090909092	4539296.0
RX41_2_M_F11_AAGGACAC_R1	85.67039323475531	47.0	135.0	18.181818181818183	3426290.0
RX41_2_M_F11_AAGGACAC_R2	19.402301007030346	46.0	150.0	9.090909090909092	3426290.0
RX43_2_M_G11_CAAGGAGC_R1	88.45791063828756	48.0	135.0	9.090909090909092	5252211.0
RX43_2_M_G11_CAAGGAGC_R2	18.465531085945756	47.0	150.0	9.090909090909092	5252211.0
RX46_1_F_F08_TTCACGCA_R1	90.89894735785872	48.0	135.0	9.090909090909092	7696032.0
RX46_1_F_F08_TTCACGCA_R2	17.002289940880203	47.0	150.0	9.090909090909092	7696032.0
RX47_1_F_G08_ATAGCGAC_R1	82.136604379228	47.0	135.0	18.181818181818183	2752769.0
RX47_1_F_G08_ATAGCGAC_R2	18.412126853353612	47.0	150.0	9.090909090909092	2752769.0
RX48_1_F_H08_GAACAGGC_R1	87.77876006763512	47.0	135.0	9.090909090909092	5283711.0
RX48_1_F_H08_GAACAGGC_R2	17.668085649461048	47.0	150.0	9.090909090909092	5283711.0
RX49_1_F_A09_AACGAACG_R1	87.47461044838867	48.0	135.0	9.090909090909092	5241996.0
RX49_1_F_A09_AACGAACG_R2	16.071415761995027	47.0	150.0	9.090909090909092	5241996.0
RX51_1_F_B09_ACGCTCGA_R1	85.00705945121398	47.0	135.0	9.090909090909092	4076589.0
RX51_1_F_B09_ACGCTCGA_R2	16.197184009433187	47.0	150.0	9.090909090909092	4076589.0
RX52_1_F_C09_CACTTCGA_R1	85.8224611100764	48.0	135.0	9.090909090909092	4132447.0
RX52_1_F_C09_CACTTCGA_R2	14.6914479817503	47.0	150.0	9.090909090909092	4132447.0
RX54_1_F_D09_CTGGCATA_R1	82.87276497801712	48.0	135.0	9.090909090909092	3260414.0
RX54_1_F_D09_CTGGCATA_R2	15.094519044921725	47.0	150.0	9.090909090909092	3260414.0
RX55_1_F_E09_GTCGTAGA_R1	77.2809697303028	47.0	135.0	9.090909090909092	2306015.0
RX55_1_F_E09_GTCGTAGA_R2	14.546353355689249	47.0	150.0	9.090909090909092	2306015.0
RX56_1_F_F09_ACACGAGA_R1	84.2070591678285	48.0	135.0	9.090909090909092	3772489.0
RX56_1_F_F09_ACACGAGA_R2	14.73880318876219	47.0	150.0	9.090909090909092	3772489.0
RX59_2_M_H11_GATGAATC_R1	81.2016985184448	47.0	135.0	18.181818181818183	2567576.0
RX59_2_M_H11_GATGAATC_R2	17.8549901857981	46.0	150.0	9.090909090909092	2567576.0
RX61_2_M_A12_AGTGGTCA_R1	83.26526773414855	47.0	135.0	9.090909090909092	3447995.0
RX61_2_M_A12_AGTGGTCA_R2	15.632251993456563	46.0	150.0	9.090909090909092	3447995.0
RX62_2_M_B12_AGAGTCAA_R1	86.8280573096726	47.0	135.0	9.090909090909092	4693973.0
RX62_2_M_B12_AGAGTCAA_R2	15.652097745697972	47.0	150.0	9.090909090909092	4693973.0
RX64_2_M_C12_CCAGTTCA_R1	83.99611800576308	47.0	135.0	9.090909090909092	3741295.0
RX64_2_M_C12_CCAGTTCA_R2	15.75037433540291	46.0	150.0	9.090909090909092	3741295.0
RX65_2_M_D12_GAGCTGAA_R1	85.39219388810073	47.0	135.0	9.090909090909092	4140688.0
RX65_2_M_D12_GAGCTGAA_R2	15.525953053407775	47.0	150.0	9.090909090909092	4140688.0
RX66_2_M_E12_TAGGATGA_R1	85.39102326267411	48.0	135.0	9.090909090909092	3904742.0
RX66_2_M_E12_TAGGATGA_R2	14.640972940024653	47.0	150.0	9.090909090909092	3904742.0
RX67_2_M_F12_AATCCGTC_R1	83.41873779054305	47.0	135.0	9.090909090909092	3305871.0
RX67_2_M_F12_AATCCGTC_R2	17.481402695802245	46.0	150.0	9.090909090909092	3305871.0
RX68_2_M_G12_CACCTTAC_R1	86.62109906289125	47.0	135.0	18.181818181818183	3935736.0
RX68_2_M_G12_CACCTTAC_R2	19.929100911959623	46.0	150.0	9.090909090909092	3935736.0
RX70_2_M_H12_GCCAAGAC_R1	82.19566755431258	47.0	135.0	18.181818181818183	3007024.0
RX70_2_M_H12_GCCAAGAC_R2	17.432482265474604	47.0	150.0	9.090909090909092	3007024.0
RX71_1_F_G09_ACGACAAG_R1	84.65023718979305	48.0	135.0	9.090909090909092	3736134.0
RX71_1_F_G09_ACGACAAG_R2	15.135623888936692	47.0	150.0	9.090909090909092	3736134.0
RX73_1_F_H09_GACAGTGC_R1	83.75505104566405	47.0	135.0	9.090909090909092	3330393.0
RX73_1_F_H09_GACAGTGC_R2	17.97892560689671	47.0	150.0	9.090909090909092	3330393.0
