lg02	5328750	5371179	8	-0.8526
lg04	1570574	1578051	2	-1.0477
lg05	485172	511375	5	-1.0048
lg09	16254236	16267213	2	-1.3853
lg09	17145000	17214825	13	-0.765
lg09	17932102	17964651	12	-1.0433
lg09	18125100	18142619	6	-0.8086
lg11	1241337	1277248	8	-0.7374
lg11	4232250	4286913	8	-0.7378
lg13	3653235	3697754	8	-0.8014
lg13	3703057	3729966	10	-1.4174
lg13	4223431	4238772	3	-0.8678
lg13	4510622	4586422	21	-1.4713
lg14	7023604	7053449	3	-1.2613
lg17	8139248	8205762	12	-1.1668
lg20	266644	295560	4	-0.9871
lg20	502451	520871	4	-0.7556
lg21	3656910	3689118	6	-3.2279
lg21	4412774	4429669	5	-1.0305
lg21	9429578	9562819	13	-1.106
lg21	11133720	11186952	10	-0.8231
scaffold_150	314278	318311	2	-0.7483
scaffold_150	428084	442842	3	-0.8111
scaffold_20	772784	790011	3	-0.9571
scaffold_259	146023	287677	12	-0.9794
scaffold_413	0	46332	9	-3.4718
scaffold_487	0	92147	8	-0.9054
scaffold_489	0	0	1	-1.3718
scaffold_54	1489802	1522970	8	-1.0345
scaffold_675	0	0	1	-1.2003
scaffold_9	4869167	4881541	2	-1.0816
scaffold_9	6029319	6186649	16	-5.6567
scaffold_9	6408666	6575608	22	-1.4234
scaffold_90	450093	551402	13	-0.8737
