lg01	3233751	3253030	12	1.0232
lg01	3254676	3261842	6	1.6567
lg02	935207	941531	2	1.5638
lg03	16457335	16465281	3	0.8387
lg04	2596753	2603113	2	1.3873
lg06	145027	192953	7	0.7817
lg06	16392773	16444323	9	0.7861
lg07	1647433	1688917	9	0.8536
lg07	2896004	2944591	12	1.0308
lg08	8806100	8817862	5	1.0796
lg09	16549497	16568496	6	0.8834
lg09	17418747	17454888	9	1.0267
lg09	17640020	17655869	4	1.5715
lg10	625109	627630	2	2.394
lg11	3109971	3314297	28	1.5329
lg11	8580357	8589791	4	1.5465
lg11	16887526	16894082	3	1.0453
lg14	7394517	7414201	3	0.9034
lg14	9173585	9192243	3	1.2581
lg15	2356445	2362095	2	1.5897
lg15	3163326	3181828	5	1.2967
lg15	4108503	4114306	2	1.9875
lg15	4174664	4208787	7	0.9275
lg17	11337325	11344793	3	0.9703
lg18	2347213	2352040	3	2.2331
lg21	311481	336786	5	1.1073
lg21	7103121	7114485	3	1.1695
lg22	7589402	7603560	13	1.0979
lg22	7625121	7647976	7	0.7451
lg23	10602484	10609694	2	1.2692
lg23	11086390	11097729	2	1.0605
lg25	5414194	5433881	3	0.8797
scaffold_20	1078840	1088262	2	1.4357
scaffold_20	2759118	2790314	4	1.1377
scaffold_209	180888	194550	5	0.7413
scaffold_222	77140	137691	15	1.0032
scaffold_252	0	294545	31	2.3909
scaffold_311	44322	101057	12	1.4494
scaffold_321	60070	95302	11	0.8233
scaffold_322	203051	216707	5	0.7644
scaffold_334	0	0	1	1.5932
scaffold_350	0	55772	12	0.8229
scaffold_404	0	128525	9	1.0218
scaffold_472	0	106767	10	0.8731
scaffold_50	814228	818511	3	0.7671
scaffold_503	0	92621	12	0.944
scaffold_592	0	0	1	0.823
scaffold_68	1119172	1181729	3	0.8735
scaffold_9	3922323	3925484	2	0.9978
