lg04	1439287	1448838	3	-1.0378
lg07	7233249	7240569	4	-1.874
lg11	1894464	1911116	3	-1.1809
lg11	2476894	2522743	7	-1.0864
lg13	3197971	3221871	3	-1.2338
lg13	4883854	5056816	42	-0.9473
lg13	5743067	5757403	6	-0.9893
lg13	6615621	6620078	2	-1.1089
lg15	5389455	5412204	4	-1.0183
lg16	1889900	1897248	3	-0.8547
lg17	14351043	14368261	5	-1.0491
lg17	14739291	14745047	2	-3.7512
lg19	5290430	5294316	3	-1.5128
lg19	15270078	15290382	3	-0.7945
lg21	4467445	4487751	4	-1.7461
lg21	8815523	9021981	26	-1.0214
lg22	14981758	15067021	9	-0.8806
lg23	16234486	16264873	10	-0.8203
lg23	18338626	18454397	10	-1.2653
scaffold_100	0	75911	12	-1.1199
scaffold_105	0	13700	3	-2.0869
scaffold_111	725304	759421	8	-0.8043
scaffold_134	0	67411	5	-1.0911
scaffold_202	0	0	1	-1.0931
scaffold_205	78657	90566	3	-1.0056
scaffold_211	136571	165040	3	-1.7369
scaffold_27	2592480	2595558	2	-1.3
scaffold_301	61831	113132	12	-2.7868
scaffold_302	0	111521	12	-0.7549
scaffold_343	0	89964	16	-0.7383
scaffold_496	0	0	1	-1.6831
scaffold_506	0	35470	5	-1.0242
scaffold_96	35431	54574	5	-1.1623
