lg01	3132931	3164676	16	2.5779
lg02	3444434	3487134	4	0.9464
lg02	10339099	10373524	3	1.1488
lg03	6295325	6310595	3	0.8819
lg04	316278	358851	12	1.1895
lg06	5050141	5052666	2	1.1429
lg06	8035899	8057659	12	0.9411
lg07	6014116	6026965	4	0.7411
lg09	13871908	13886582	5	0.7994
lg09	14442406	14475623	8	1.2505
lg09	15121145	15204405	14	1.24
lg09	15751227	15759138	2	6.6974
lg09	15761444	15772439	3	2.1882
lg09	16032866	16079181	10	0.8006
lg09	16081565	16094786	4	1.3714
lg11	2912413	2953354	7	0.8952
lg13	4166073	4234719	11	0.7787
lg15	3808998	3811113	2	1.1233
lg15	10167560	10175918	3	1.1861
lg17	15727776	15740202	5	0.8597
lg17	16450255	16462502	7	0.7602
lg17	16934487	16943014	4	0.9987
lg18	3373104	3409060	6	0.8937
lg18	13853856	13888745	8	0.833
lg20	4043230	4091962	22	1.5693
lg21	2830151	2925187	13	1.4939
lg23	16223252	16231829	2	4.8176
lg23	16708884	16736712	6	1.6697
lg23	18472283	18589679	18	0.7399
lg23	19266389	19282609	3	1.2638
scaffold_111	717811	724292	4	2.9892
scaffold_154	461196	472481	2	1.0949
scaffold_184	309230	341484	7	1.0728
scaffold_186	0	29957	6	1.0804
scaffold_231	179192	211318	19	0.9833
scaffold_284	58620	114310	12	4.8868
scaffold_30	628541	635902	4	1.1093
scaffold_48	1228414	1252434	6	1.0788
scaffold_62	290187	310985	4	0.9053
